rfq_id,match_id,similarity_score
55b345d4-ac60-4ad8-917c-a9ce1d1960b4,98fbbe86-bcc0-41f5-a3d7-3680cb01095b,0.9689655172413792
98fbbe86-bcc0-41f5-a3d7-3680cb01095b,55b345d4-ac60-4ad8-917c-a9ce1d1960b4,0.9689655172413792
e8fda820-0cfc-4bd3-b262-8a385d761148,a2a82c6c-7a7e-4eec-ad69-f487424dc71e,0.8500000000000001
eeadf33e-dd7d-4384-acc3-435f26826c13,6d31af44-ddbe-4dcf-8c21-943a8b296358,0.8500000000000001
3db57ead-a33d-44b3-81bf-6e319dda5aa7,a90d5a2e-cb06-485d-96ff-54904c820784,0.8500000000000001
fc8cf4d1-ac28-4a43-8661-5a9c39e86369,9bc1c99a-5363-4d71-9e5d-70e7e69f988c,0.8500000000000001
74bc5cb0-3fd6-42da-9b3b-5eb7cc9942d2,b5bd9f94-3479-4178-9b35-11b647fb8187,0.8500000000000001
b895d027-5c42-4455-be0f-a83d981fbb4c,a29b9c1d-663c-46ef-8950-d567c4f9771b,0.8500000000000001
3db57ead-a33d-44b3-81bf-6e319dda5aa7,cd509c71-7130-473a-90f9-3038a4b71925,0.8500000000000001
b821eb9a-5f16-4339-86e9-787ceab5cb2b,eeadf33e-dd7d-4384-acc3-435f26826c13,0.8500000000000001
b821eb9a-5f16-4339-86e9-787ceab5cb2b,6d31af44-ddbe-4dcf-8c21-943a8b296358,0.8500000000000001
90b02a62-3da9-4648-948c-52627d086a50,a462a4cb-bbaa-4417-b876-4b8606c6f8db,0.8500000000000001
a90d5a2e-cb06-485d-96ff-54904c820784,cd509c71-7130-473a-90f9-3038a4b71925,0.8500000000000001
6d31af44-ddbe-4dcf-8c21-943a8b296358,eeadf33e-dd7d-4384-acc3-435f26826c13,0.8500000000000001
a90d5a2e-cb06-485d-96ff-54904c820784,3db57ead-a33d-44b3-81bf-6e319dda5aa7,0.8500000000000001
9bc1c99a-5363-4d71-9e5d-70e7e69f988c,fc8cf4d1-ac28-4a43-8661-5a9c39e86369,0.8500000000000001
a2a82c6c-7a7e-4eec-ad69-f487424dc71e,e8fda820-0cfc-4bd3-b262-8a385d761148,0.8500000000000001
a29b9c1d-663c-46ef-8950-d567c4f9771b,b895d027-5c42-4455-be0f-a83d981fbb4c,0.8500000000000001
6d31af44-ddbe-4dcf-8c21-943a8b296358,b821eb9a-5f16-4339-86e9-787ceab5cb2b,0.8500000000000001
63601dc2-7f22-4bdb-94e7-356981a1187c,d9bdd024-3ff6-442d-8147-15265942757b,0.8500000000000001
ca1ccf90-ef97-446d-b9ba-214844ffc371,a462a4cb-bbaa-4417-b876-4b8606c6f8db,0.8500000000000001
a462a4cb-bbaa-4417-b876-4b8606c6f8db,90b02a62-3da9-4648-948c-52627d086a50,0.8500000000000001
63601dc2-7f22-4bdb-94e7-356981a1187c,a6e9a377-5687-4edf-83a5-291af9a1d8a5,0.8500000000000001
54d4992c-dffe-406c-a5c7-30108f547d64,54d4992c-dffe-406c-a5c7-30108f547d64,0.8500000000000001
90b02a62-3da9-4648-948c-52627d086a50,ca1ccf90-ef97-446d-b9ba-214844ffc371,0.8500000000000001
54d4992c-dffe-406c-a5c7-30108f547d64,54d4992c-dffe-406c-a5c7-30108f547d64,0.8500000000000001
eeadf33e-dd7d-4384-acc3-435f26826c13,b821eb9a-5f16-4339-86e9-787ceab5cb2b,0.8500000000000001
cd509c71-7130-473a-90f9-3038a4b71925,3db57ead-a33d-44b3-81bf-6e319dda5aa7,0.8500000000000001
e2cf8e2c-68d4-4334-9b7d-cc11fa0213dd,86947c4f-30f3-44b2-bf27-b38f774d454a,0.8500000000000001
86947c4f-30f3-44b2-bf27-b38f774d454a,e2cf8e2c-68d4-4334-9b7d-cc11fa0213dd,0.8500000000000001
d9bdd024-3ff6-442d-8147-15265942757b,a6e9a377-5687-4edf-83a5-291af9a1d8a5,0.8500000000000001
ca1ccf90-ef97-446d-b9ba-214844ffc371,90b02a62-3da9-4648-948c-52627d086a50,0.8500000000000001
cd509c71-7130-473a-90f9-3038a4b71925,a90d5a2e-cb06-485d-96ff-54904c820784,0.8500000000000001
d9bdd024-3ff6-442d-8147-15265942757b,63601dc2-7f22-4bdb-94e7-356981a1187c,0.8500000000000001
b5bd9f94-3479-4178-9b35-11b647fb8187,74bc5cb0-3fd6-42da-9b3b-5eb7cc9942d2,0.8500000000000001
a6e9a377-5687-4edf-83a5-291af9a1d8a5,d9bdd024-3ff6-442d-8147-15265942757b,0.8500000000000001
a462a4cb-bbaa-4417-b876-4b8606c6f8db,ca1ccf90-ef97-446d-b9ba-214844ffc371,0.8500000000000001
a6e9a377-5687-4edf-83a5-291af9a1d8a5,63601dc2-7f22-4bdb-94e7-356981a1187c,0.8500000000000001
f19fd194-e55d-47b4-be13-fe00f147ebfb,03b99bdc-990c-4e85-af10-d9fd5ffd2a54,0.8469387755102041
03b99bdc-990c-4e85-af10-d9fd5ffd2a54,f19fd194-e55d-47b4-be13-fe00f147ebfb,0.8469387755102041
4ac90430-1df4-43d7-819f-5353ec4d1a46,74bc5cb0-3fd6-42da-9b3b-5eb7cc9942d2,0.8433333333333334
4ac90430-1df4-43d7-819f-5353ec4d1a46,b5bd9f94-3479-4178-9b35-11b647fb8187,0.8433333333333334
b5bd9f94-3479-4178-9b35-11b647fb8187,4ac90430-1df4-43d7-819f-5353ec4d1a46,0.8433333333333334
74bc5cb0-3fd6-42da-9b3b-5eb7cc9942d2,4ac90430-1df4-43d7-819f-5353ec4d1a46,0.8433333333333334
a90d5a2e-cb06-485d-96ff-54904c820784,9c50debb-a6ff-4e7a-90ae-024b0c374088,0.838888888888889
9c50debb-a6ff-4e7a-90ae-024b0c374088,a90d5a2e-cb06-485d-96ff-54904c820784,0.838888888888889
9c50debb-a6ff-4e7a-90ae-024b0c374088,cd509c71-7130-473a-90f9-3038a4b71925,0.838888888888889
cd509c71-7130-473a-90f9-3038a4b71925,9c50debb-a6ff-4e7a-90ae-024b0c374088,0.838888888888889
3db57ead-a33d-44b3-81bf-6e319dda5aa7,9c50debb-a6ff-4e7a-90ae-024b0c374088,0.838888888888889
9c50debb-a6ff-4e7a-90ae-024b0c374088,3db57ead-a33d-44b3-81bf-6e319dda5aa7,0.838888888888889
7d4938ac-745b-4ddc-a0bc-e2f8535411b8,146a67a8-eae0-45ea-b93d-08c5fd9ed2d4,0.8275510204081633
2c6d632d-9a47-4dae-9bc1-6e41b40eca3f,5a5e08da-bed0-44f8-bf8b-e0a7c3adff45,0.8275510204081633
146a67a8-eae0-45ea-b93d-08c5fd9ed2d4,7d4938ac-745b-4ddc-a0bc-e2f8535411b8,0.8275510204081633
5a5e08da-bed0-44f8-bf8b-e0a7c3adff45,2c6d632d-9a47-4dae-9bc1-6e41b40eca3f,0.8275510204081633
a7674ae7-731c-46ab-94db-a7a972df8849,75551299-bf73-4b4d-9f30-192dc8d98a46,0.8258620689655173
75551299-bf73-4b4d-9f30-192dc8d98a46,a7674ae7-731c-46ab-94db-a7a972df8849,0.8258620689655173
7c8f99f0-5cae-4a08-9649-1b870e55e903,c64aac64-f8db-475b-8584-da8551b0a712,0.825735294117647
c64aac64-f8db-475b-8584-da8551b0a712,7c8f99f0-5cae-4a08-9649-1b870e55e903,0.825735294117647
bf42879f-e641-475a-8b19-c5df8f6cee7a,341ae37b-3e39-44f4-99f5-566fab316e0c,0.825735294117647
341ae37b-3e39-44f4-99f5-566fab316e0c,bf42879f-e641-475a-8b19-c5df8f6cee7a,0.825735294117647
86947c4f-30f3-44b2-bf27-b38f774d454a,f19fd194-e55d-47b4-be13-fe00f147ebfb,0.8172727272727274
f19fd194-e55d-47b4-be13-fe00f147ebfb,86947c4f-30f3-44b2-bf27-b38f774d454a,0.8172727272727274
e2cf8e2c-68d4-4334-9b7d-cc11fa0213dd,f19fd194-e55d-47b4-be13-fe00f147ebfb,0.8172727272727274
f19fd194-e55d-47b4-be13-fe00f147ebfb,e2cf8e2c-68d4-4334-9b7d-cc11fa0213dd,0.8172727272727274
86947c4f-30f3-44b2-bf27-b38f774d454a,03b99bdc-990c-4e85-af10-d9fd5ffd2a54,0.8145454545454546
03b99bdc-990c-4e85-af10-d9fd5ffd2a54,e2cf8e2c-68d4-4334-9b7d-cc11fa0213dd,0.8145454545454546
03b99bdc-990c-4e85-af10-d9fd5ffd2a54,86947c4f-30f3-44b2-bf27-b38f774d454a,0.8145454545454546
e2cf8e2c-68d4-4334-9b7d-cc11fa0213dd,03b99bdc-990c-4e85-af10-d9fd5ffd2a54,0.8145454545454546
75551299-bf73-4b4d-9f30-192dc8d98a46,54ebb88a-f9a0-4f41-9a28-20e72c87f491,0.805
54ebb88a-f9a0-4f41-9a28-20e72c87f491,75551299-bf73-4b4d-9f30-192dc8d98a46,0.805
6bd97b13-b189-41f0-ad8b-9f26be3d93d0,fd235a4b-4b4c-4744-9024-13fa158a1d37,0.8
56c75e72-50ae-4e29-aea4-f6394e1d986b,a3f38767-02ae-4990-be18-35ca819684a7,0.8
ffd6c321-798d-4f21-87d5-9c8e74867eed,8fd1c83f-d180-44b3-8e41-334ad91f842d,0.8
ffd6c321-798d-4f21-87d5-9c8e74867eed,62ada5a9-d81a-497f-90c6-5522f3fe5e6b,0.8
d0cbf874-020f-4a43-85f3-e136f09ee1da,62ada5a9-d81a-497f-90c6-5522f3fe5e6b,0.8
72d06e8d-9be5-4922-835c-5d557165258b,23325a7f-fde1-4305-8c73-2dd57cb8e89b,0.8
72d06e8d-9be5-4922-835c-5d557165258b,2a5956c7-d1c4-4060-a44c-52f160911b57,0.8
62ada5a9-d81a-497f-90c6-5522f3fe5e6b,8fd1c83f-d180-44b3-8e41-334ad91f842d,0.8
e5067fef-17ee-4539-8719-0f3070b72b90,7b4e3d5d-d323-4077-aae3-4883855c9025,0.8
6ccdbf80-f7ba-4958-a55c-594dd305d877,cbd2d241-70be-4f80-aecf-0416f56ed1f4,0.8
ffd6c321-798d-4f21-87d5-9c8e74867eed,d0cbf874-020f-4a43-85f3-e136f09ee1da,0.8
cbd2d241-70be-4f80-aecf-0416f56ed1f4,6ccdbf80-f7ba-4958-a55c-594dd305d877,0.8
2a5956c7-d1c4-4060-a44c-52f160911b57,7c2315bd-a330-4578-88b7-c132be30de2d,0.8
54439e37-9ca6-476c-825a-0304a9dfcb26,920dcf5c-136f-4ffc-9449-03f00c1b5a46,0.8
790aa53f-f847-43a1-8962-0d899e4b75ba,22b45745-bf1f-42af-acbc-be82422b8c6b,0.8
920dcf5c-136f-4ffc-9449-03f00c1b5a46,dff7cdb0-f464-4b60-91ce-8d628f8ed4de,0.8
a3f38767-02ae-4990-be18-35ca819684a7,56c75e72-50ae-4e29-aea4-f6394e1d986b,0.8
22b45745-bf1f-42af-acbc-be82422b8c6b,790aa53f-f847-43a1-8962-0d899e4b75ba,0.8
23325a7f-fde1-4305-8c73-2dd57cb8e89b,2a5956c7-d1c4-4060-a44c-52f160911b57,0.8
7c2315bd-a330-4578-88b7-c132be30de2d,72d06e8d-9be5-4922-835c-5d557165258b,0.8
54439e37-9ca6-476c-825a-0304a9dfcb26,dff7cdb0-f464-4b60-91ce-8d628f8ed4de,0.8
7c2315bd-a330-4578-88b7-c132be30de2d,2a5956c7-d1c4-4060-a44c-52f160911b57,0.8
23325a7f-fde1-4305-8c73-2dd57cb8e89b,7c2315bd-a330-4578-88b7-c132be30de2d,0.8
8fd1c83f-d180-44b3-8e41-334ad91f842d,d0cbf874-020f-4a43-85f3-e136f09ee1da,0.8
23325a7f-fde1-4305-8c73-2dd57cb8e89b,72d06e8d-9be5-4922-835c-5d557165258b,0.8
7c2315bd-a330-4578-88b7-c132be30de2d,23325a7f-fde1-4305-8c73-2dd57cb8e89b,0.8
fd235a4b-4b4c-4744-9024-13fa158a1d37,6bd97b13-b189-41f0-ad8b-9f26be3d93d0,0.8
8fd1c83f-d180-44b3-8e41-334ad91f842d,62ada5a9-d81a-497f-90c6-5522f3fe5e6b,0.8
72d06e8d-9be5-4922-835c-5d557165258b,7c2315bd-a330-4578-88b7-c132be30de2d,0.8
dff7cdb0-f464-4b60-91ce-8d628f8ed4de,920dcf5c-136f-4ffc-9449-03f00c1b5a46,0.8
920dcf5c-136f-4ffc-9449-03f00c1b5a46,54439e37-9ca6-476c-825a-0304a9dfcb26,0.8
d0cbf874-020f-4a43-85f3-e136f09ee1da,ffd6c321-798d-4f21-87d5-9c8e74867eed,0.8
62ada5a9-d81a-497f-90c6-5522f3fe5e6b,ffd6c321-798d-4f21-87d5-9c8e74867eed,0.8
2a5956c7-d1c4-4060-a44c-52f160911b57,23325a7f-fde1-4305-8c73-2dd57cb8e89b,0.8
62ada5a9-d81a-497f-90c6-5522f3fe5e6b,d0cbf874-020f-4a43-85f3-e136f09ee1da,0.8
8fd1c83f-d180-44b3-8e41-334ad91f842d,ffd6c321-798d-4f21-87d5-9c8e74867eed,0.8
2a5956c7-d1c4-4060-a44c-52f160911b57,72d06e8d-9be5-4922-835c-5d557165258b,0.8
d0cbf874-020f-4a43-85f3-e136f09ee1da,8fd1c83f-d180-44b3-8e41-334ad91f842d,0.8
dff7cdb0-f464-4b60-91ce-8d628f8ed4de,54439e37-9ca6-476c-825a-0304a9dfcb26,0.8
7b4e3d5d-d323-4077-aae3-4883855c9025,e5067fef-17ee-4539-8719-0f3070b72b90,0.8
1d54d3de-d0b3-4273-89e9-7ef3e8febb0d,3d92c9e6-d3f8-4177-900c-04adc55774c1,0.7961538461538462
9b6f3d40-da34-465e-9211-b0d7b1d19036,bab67e88-be02-40c9-b3d7-b43a4adff716,0.7961538461538462
bab67e88-be02-40c9-b3d7-b43a4adff716,9b6f3d40-da34-465e-9211-b0d7b1d19036,0.7961538461538462
3d92c9e6-d3f8-4177-900c-04adc55774c1,1d54d3de-d0b3-4273-89e9-7ef3e8febb0d,0.7961538461538462
8cc002db-1ef0-4e9e-aaa4-7a88d9c70184,99bbb98d-d06d-4633-a68c-9be3bb9f6011,0.7896551724137931
99bbb98d-d06d-4633-a68c-9be3bb9f6011,8cc002db-1ef0-4e9e-aaa4-7a88d9c70184,0.7896551724137931
b6d00da1-7e7e-44ad-b798-3c3bb216ae45,fc8cf4d1-ac28-4a43-8661-5a9c39e86369,0.7844827586206897
b19e4dcf-a8b8-4c15-a6b0-a3ad1d6a8a19,a29b9c1d-663c-46ef-8950-d567c4f9771b,0.7844827586206897
9bc1c99a-5363-4d71-9e5d-70e7e69f988c,b6d00da1-7e7e-44ad-b798-3c3bb216ae45,0.7844827586206897
b6d00da1-7e7e-44ad-b798-3c3bb216ae45,9bc1c99a-5363-4d71-9e5d-70e7e69f988c,0.7844827586206897
fc8cf4d1-ac28-4a43-8661-5a9c39e86369,b6d00da1-7e7e-44ad-b798-3c3bb216ae45,0.7844827586206897
b895d027-5c42-4455-be0f-a83d981fbb4c,b19e4dcf-a8b8-4c15-a6b0-a3ad1d6a8a19,0.7844827586206897
b19e4dcf-a8b8-4c15-a6b0-a3ad1d6a8a19,b895d027-5c42-4455-be0f-a83d981fbb4c,0.7844827586206897
a29b9c1d-663c-46ef-8950-d567c4f9771b,b19e4dcf-a8b8-4c15-a6b0-a3ad1d6a8a19,0.7844827586206897
a7674ae7-731c-46ab-94db-a7a972df8849,54ebb88a-f9a0-4f41-9a28-20e72c87f491,0.7844827586206897
54ebb88a-f9a0-4f41-9a28-20e72c87f491,a7674ae7-731c-46ab-94db-a7a972df8849,0.7844827586206897
8cc002db-1ef0-4e9e-aaa4-7a88d9c70184,80b0f3d7-755d-47b5-8429-6f0c22eb5b11,0.7806451612903226
80b0f3d7-755d-47b5-8429-6f0c22eb5b11,8cc002db-1ef0-4e9e-aaa4-7a88d9c70184,0.7806451612903226
74bc5cb0-3fd6-42da-9b3b-5eb7cc9942d2,9c50debb-a6ff-4e7a-90ae-024b0c374088,0.7801136363636364
b5bd9f94-3479-4178-9b35-11b647fb8187,9c50debb-a6ff-4e7a-90ae-024b0c374088,0.7801136363636364
fd74092a-6e84-4c7e-bebb-149abfb92a24,99bbb98d-d06d-4633-a68c-9be3bb9f6011,0.7785714285714286
99bbb98d-d06d-4633-a68c-9be3bb9f6011,fd74092a-6e84-4c7e-bebb-149abfb92a24,0.7785714285714286
4ac90430-1df4-43d7-819f-5353ec4d1a46,9c50debb-a6ff-4e7a-90ae-024b0c374088,0.775
99bbb98d-d06d-4633-a68c-9be3bb9f6011,80b0f3d7-755d-47b5-8429-6f0c22eb5b11,0.7709677419354839
80b0f3d7-755d-47b5-8429-6f0c22eb5b11,99bbb98d-d06d-4633-a68c-9be3bb9f6011,0.7709677419354839
8cc002db-1ef0-4e9e-aaa4-7a88d9c70184,fd74092a-6e84-4c7e-bebb-149abfb92a24,0.7689655172413793
fd74092a-6e84-4c7e-bebb-149abfb92a24,8cc002db-1ef0-4e9e-aaa4-7a88d9c70184,0.7689655172413793
be7af47d-3781-466e-ba10-52de8a53d98a,9e6883b3-44ad-4b98-a1e9-3c084317dba2,0.7598425196850394
9e6883b3-44ad-4b98-a1e9-3c084317dba2,be7af47d-3781-466e-ba10-52de8a53d98a,0.7598425196850394
80b0f3d7-755d-47b5-8429-6f0c22eb5b11,fd74092a-6e84-4c7e-bebb-149abfb92a24,0.7516129032258064
fd74092a-6e84-4c7e-bebb-149abfb92a24,80b0f3d7-755d-47b5-8429-6f0c22eb5b11,0.7516129032258064
c717fe40-0d63-4a86-ba3d-afe718e44995,146a67a8-eae0-45ea-b93d-08c5fd9ed2d4,0.7436842105263157
146a67a8-eae0-45ea-b93d-08c5fd9ed2d4,c717fe40-0d63-4a86-ba3d-afe718e44995,0.7436842105263157
90b02a62-3da9-4648-948c-52627d086a50,88787789-76a4-44ab-8e89-743b83d2b563,0.7423088455772113
88787789-76a4-44ab-8e89-743b83d2b563,a462a4cb-bbaa-4417-b876-4b8606c6f8db,0.7423088455772113
ca1ccf90-ef97-446d-b9ba-214844ffc371,88787789-76a4-44ab-8e89-743b83d2b563,0.7423088455772113
88787789-76a4-44ab-8e89-743b83d2b563,90b02a62-3da9-4648-948c-52627d086a50,0.7423088455772113
88787789-76a4-44ab-8e89-743b83d2b563,ca1ccf90-ef97-446d-b9ba-214844ffc371,0.7423088455772113
a462a4cb-bbaa-4417-b876-4b8606c6f8db,88787789-76a4-44ab-8e89-743b83d2b563,0.7423088455772113
b6d00da1-7e7e-44ad-b798-3c3bb216ae45,88787789-76a4-44ab-8e89-743b83d2b563,0.7415789473684211
6d31af44-ddbe-4dcf-8c21-943a8b296358,d9bdd024-3ff6-442d-8147-15265942757b,0.7415584415584415
63601dc2-7f22-4bdb-94e7-356981a1187c,b821eb9a-5f16-4339-86e9-787ceab5cb2b,0.7415584415584415
d9bdd024-3ff6-442d-8147-15265942757b,6d31af44-ddbe-4dcf-8c21-943a8b296358,0.7415584415584415
b821eb9a-5f16-4339-86e9-787ceab5cb2b,63601dc2-7f22-4bdb-94e7-356981a1187c,0.7415584415584415
a6e9a377-5687-4edf-83a5-291af9a1d8a5,eeadf33e-dd7d-4384-acc3-435f26826c13,0.7415584415584415
eeadf33e-dd7d-4384-acc3-435f26826c13,a6e9a377-5687-4edf-83a5-291af9a1d8a5,0.7415584415584415
21dc35af-198b-4118-90b9-869059cc0c6f,d620705b-334e-40d4-8e68-11dad5baef37,0.7363636363636363
dbb1dcaf-1c94-4960-86b1-23a763d1287f,60206076-d947-48c6-bbba-14d1b9b2f859,0.7363636363636363
aa39bdac-3029-4450-a42e-4e5f81360866,a81228e6-1d54-44f6-a601-2a596c2793bc,0.7363636363636363
54fe5278-2928-4291-b6b6-a788c0731ab6,1ffb07ab-40b3-45fd-a079-8f2ee2b6f4e6,0.7363636363636363
60206076-d947-48c6-bbba-14d1b9b2f859,dbb1dcaf-1c94-4960-86b1-23a763d1287f,0.7363636363636363
44901b83-64cb-426e-a3f6-84029d330d51,6ffc5ac6-4ec9-4f26-9a8e-0e18f9aa8931,0.7363636363636363
6ffc5ac6-4ec9-4f26-9a8e-0e18f9aa8931,44901b83-64cb-426e-a3f6-84029d330d51,0.7363636363636363
1ffb07ab-40b3-45fd-a079-8f2ee2b6f4e6,54fe5278-2928-4291-b6b6-a788c0731ab6,0.7363636363636363
a81228e6-1d54-44f6-a601-2a596c2793bc,aa39bdac-3029-4450-a42e-4e5f81360866,0.7363636363636363
d620705b-334e-40d4-8e68-11dad5baef37,21dc35af-198b-4118-90b9-869059cc0c6f,0.7363636363636363
1d54d3de-d0b3-4273-89e9-7ef3e8febb0d,60206076-d947-48c6-bbba-14d1b9b2f859,0.7333333333333334
60206076-d947-48c6-bbba-14d1b9b2f859,1d54d3de-d0b3-4273-89e9-7ef3e8febb0d,0.7333333333333334
b5d817fc-43cc-48bb-8c74-47f90842a5ea,60206076-d947-48c6-bbba-14d1b9b2f859,0.7333333333333334
60206076-d947-48c6-bbba-14d1b9b2f859,b5d817fc-43cc-48bb-8c74-47f90842a5ea,0.7333333333333334
821b1b89-bf81-4422-9d4c-1b1173bc80e3,f76753db-d647-4d96-811c-a0b4bb978fa7,0.731
f76753db-d647-4d96-811c-a0b4bb978fa7,821b1b89-bf81-4422-9d4c-1b1173bc80e3,0.731
3d92c9e6-d3f8-4177-900c-04adc55774c1,60206076-d947-48c6-bbba-14d1b9b2f859,0.7294871794871796
9bc1c99a-5363-4d71-9e5d-70e7e69f988c,ca1ccf90-ef97-446d-b9ba-214844ffc371,0.7236842105263157
fc8cf4d1-ac28-4a43-8661-5a9c39e86369,a462a4cb-bbaa-4417-b876-4b8606c6f8db,0.7236842105263157
c717fe40-0d63-4a86-ba3d-afe718e44995,7d4938ac-745b-4ddc-a0bc-e2f8535411b8,0.721235230934479
7d4938ac-745b-4ddc-a0bc-e2f8535411b8,c717fe40-0d63-4a86-ba3d-afe718e44995,0.721235230934479
c64aac64-f8db-475b-8584-da8551b0a712,bf42879f-e641-475a-8b19-c5df8f6cee7a,0.7
2c6d632d-9a47-4dae-9bc1-6e41b40eca3f,7d4938ac-745b-4ddc-a0bc-e2f8535411b8,0.7
7c8f99f0-5cae-4a08-9649-1b870e55e903,341ae37b-3e39-44f4-99f5-566fab316e0c,0.7
7d4938ac-745b-4ddc-a0bc-e2f8535411b8,2c6d632d-9a47-4dae-9bc1-6e41b40eca3f,0.7
b895d027-5c42-4455-be0f-a83d981fbb4c,fc8cf4d1-ac28-4a43-8661-5a9c39e86369,0.7
bf42879f-e641-475a-8b19-c5df8f6cee7a,c64aac64-f8db-475b-8584-da8551b0a712,0.7
341ae37b-3e39-44f4-99f5-566fab316e0c,7c8f99f0-5cae-4a08-9649-1b870e55e903,0.7
146a67a8-eae0-45ea-b93d-08c5fd9ed2d4,5a5e08da-bed0-44f8-bf8b-e0a7c3adff45,0.7
a29b9c1d-663c-46ef-8950-d567c4f9771b,9bc1c99a-5363-4d71-9e5d-70e7e69f988c,0.7
6f5e4b13-e1f1-4a4c-b426-a60ead9faf7a,837f9a69-1103-451f-b24d-e971d7135417,0.7
52999e61-3e95-4863-80c7-885d6135ff13,acc63b60-a988-4e48-bf68-78b98b7c6125,0.7
b19e4dcf-a8b8-4c15-a6b0-a3ad1d6a8a19,b6d00da1-7e7e-44ad-b798-3c3bb216ae45,0.7
5a5e08da-bed0-44f8-bf8b-e0a7c3adff45,146a67a8-eae0-45ea-b93d-08c5fd9ed2d4,0.7
837f9a69-1103-451f-b24d-e971d7135417,6f5e4b13-e1f1-4a4c-b426-a60ead9faf7a,0.7
7f7b4920-d653-4e3a-8113-70130b079c9b,46bdf019-e50b-433a-9a12-2a18f201af9b,0.7
46bdf019-e50b-433a-9a12-2a18f201af9b,7f7b4920-d653-4e3a-8113-70130b079c9b,0.7
acc63b60-a988-4e48-bf68-78b98b7c6125,52999e61-3e95-4863-80c7-885d6135ff13,0.7
a729fa01-8218-478f-bb98-24abf80749c9,a81228e6-1d54-44f6-a601-2a596c2793bc,0.6909090909090909
35fba19e-c1dd-429c-b8c5-f42d4f726a3c,6ffc5ac6-4ec9-4f26-9a8e-0e18f9aa8931,0.6909090909090909
c749f1ed-b590-4d6d-8eb7-071ced590894,21dc35af-198b-4118-90b9-869059cc0c6f,0.6909090909090909
dbb1dcaf-1c94-4960-86b1-23a763d1287f,1d54d3de-d0b3-4273-89e9-7ef3e8febb0d,0.6909090909090909
54fe5278-2928-4291-b6b6-a788c0731ab6,91e96c16-5391-4fd5-a3dc-11a83d9bac6a,0.6909090909090909
21dc35af-198b-4118-90b9-869059cc0c6f,c749f1ed-b590-4d6d-8eb7-071ced590894,0.6909090909090909
b5d817fc-43cc-48bb-8c74-47f90842a5ea,dbb1dcaf-1c94-4960-86b1-23a763d1287f,0.6909090909090909
a81228e6-1d54-44f6-a601-2a596c2793bc,a729fa01-8218-478f-bb98-24abf80749c9,0.6909090909090909
dbb1dcaf-1c94-4960-86b1-23a763d1287f,b5d817fc-43cc-48bb-8c74-47f90842a5ea,0.6909090909090909
6ffc5ac6-4ec9-4f26-9a8e-0e18f9aa8931,35fba19e-c1dd-429c-b8c5-f42d4f726a3c,0.6909090909090909
1d54d3de-d0b3-4273-89e9-7ef3e8febb0d,dbb1dcaf-1c94-4960-86b1-23a763d1287f,0.6909090909090909
91e96c16-5391-4fd5-a3dc-11a83d9bac6a,54fe5278-2928-4291-b6b6-a788c0731ab6,0.6909090909090909
5084b8e6-b486-42ff-9f12-ff2fc588a0b6,dbb1dcaf-1c94-4960-86b1-23a763d1287f,0.6909090909090909
3d92c9e6-d3f8-4177-900c-04adc55774c1,dbb1dcaf-1c94-4960-86b1-23a763d1287f,0.6870629370629371
5a5e08da-bed0-44f8-bf8b-e0a7c3adff45,7d4938ac-745b-4ddc-a0bc-e2f8535411b8,0.6775510204081633
2c6d632d-9a47-4dae-9bc1-6e41b40eca3f,146a67a8-eae0-45ea-b93d-08c5fd9ed2d4,0.6775510204081633
bf42879f-e641-475a-8b19-c5df8f6cee7a,7c8f99f0-5cae-4a08-9649-1b870e55e903,0.6757352941176471
c64aac64-f8db-475b-8584-da8551b0a712,341ae37b-3e39-44f4-99f5-566fab316e0c,0.6757352941176471
341ae37b-3e39-44f4-99f5-566fab316e0c,c64aac64-f8db-475b-8584-da8551b0a712,0.6757352941176471
7c8f99f0-5cae-4a08-9649-1b870e55e903,bf42879f-e641-475a-8b19-c5df8f6cee7a,0.6757352941176471
56c75e72-50ae-4e29-aea4-f6394e1d986b,41dce460-7b73-4340-aa02-c10a79198432,0.675
41dce460-7b73-4340-aa02-c10a79198432,a3f38767-02ae-4990-be18-35ca819684a7,0.675
a3f38767-02ae-4990-be18-35ca819684a7,41dce460-7b73-4340-aa02-c10a79198432,0.675
41dce460-7b73-4340-aa02-c10a79198432,56c75e72-50ae-4e29-aea4-f6394e1d986b,0.675
b5d817fc-43cc-48bb-8c74-47f90842a5ea,5084b8e6-b486-42ff-9f12-ff2fc588a0b6,0.6666666666666666
5084b8e6-b486-42ff-9f12-ff2fc588a0b6,b5d817fc-43cc-48bb-8c74-47f90842a5ea,0.6666666666666666
acc63b60-a988-4e48-bf68-78b98b7c6125,b6d00da1-7e7e-44ad-b798-3c3bb216ae45,0.6563265306122452
52999e61-3e95-4863-80c7-885d6135ff13,b19e4dcf-a8b8-4c15-a6b0-a3ad1d6a8a19,0.6563265306122452
ae16b3ef-575d-40af-b90c-ca2b5196b47e,aad5ef88-18cc-4492-9506-09871a1b5245,0.6499999999999999
7a965ba4-be4e-4833-a723-1f98ed1f24ac,d82bdfdb-7086-4b6b-9c1c-0ac0c11d8ad9,0.6499999999999999
fd235a4b-4b4c-4744-9024-13fa158a1d37,be33676a-263e-4eb4-a43e-ce54e7f2e4fb,0.6499999999999999
6de1f83d-3950-45bb-8be0-7d5fab0e6274,ca1ccf90-ef97-446d-b9ba-214844ffc371,0.6499999999999999
9b6f3d40-da34-465e-9211-b0d7b1d19036,8ded8ec2-f221-4c6d-aadb-fa8294388127,0.6499999999999999
617f38fb-00fe-4ad2-ae0f-a64c4a5be1b1,fd235a4b-4b4c-4744-9024-13fa158a1d37,0.6499999999999999
54ebb88a-f9a0-4f41-9a28-20e72c87f491,90b02a62-3da9-4648-948c-52627d086a50,0.6499999999999999
9d5a26b4-9fae-46ce-8cc1-f77f0a89b111,8adc5afd-2678-46f8-becb-25b320d33872,0.6499999999999999
3e2099cb-76bb-46db-9cd3-6a03a4da0e39,44901b83-64cb-426e-a3f6-84029d330d51,0.6499999999999999
d620705b-334e-40d4-8e68-11dad5baef37,44901b83-64cb-426e-a3f6-84029d330d51,0.6499999999999999
a4aef4b9-1710-4bd3-b06a-eeb54d91926a,63601dc2-7f22-4bdb-94e7-356981a1187c,0.6499999999999999
9d5a26b4-9fae-46ce-8cc1-f77f0a89b111,026a23fa-25f9-47af-a441-22a6f84bc7bb,0.6499999999999999
427971fd-2d3e-4b1c-a146-764aae84a056,a17358c1-aece-44b4-bd08-696a32857e28,0.6499999999999999
32f7aaf8-af97-4b57-b47b-083a465ffc2a,1ffb07ab-40b3-45fd-a079-8f2ee2b6f4e6,0.6499999999999999
b8257184-6307-46ab-b06e-d979336d1263,41dce460-7b73-4340-aa02-c10a79198432,0.6499999999999999
6f4ae29d-afe8-45e0-827e-e84f9f539b0c,07e4874b-e624-4e24-af76-69aa4177bada,0.6499999999999999
aad5ef88-18cc-4492-9506-09871a1b5245,a0a88835-3b7b-4e0f-9d3b-b7a6e8b7b729,0.6499999999999999
7d5b7983-7c99-4f0d-bddf-9fbd528eca81,83580cd4-e88e-4538-b038-e56113e4c2e3,0.6499999999999999
facd942d-02a2-46bf-936c-e3afd39ee20d,75bca8ed-de31-4780-bd89-5e43386fe17c,0.6499999999999999
32f7aaf8-af97-4b57-b47b-083a465ffc2a,d620705b-334e-40d4-8e68-11dad5baef37,0.6499999999999999
178a48ef-f870-46d7-ba3c-c94b35477459,facd942d-02a2-46bf-936c-e3afd39ee20d,0.6499999999999999
32f7aaf8-af97-4b57-b47b-083a465ffc2a,60206076-d947-48c6-bbba-14d1b9b2f859,0.6499999999999999
a81228e6-1d54-44f6-a601-2a596c2793bc,21dc35af-198b-4118-90b9-869059cc0c6f,0.6499999999999999
1cc056a6-bc3c-4705-9af1-23e2f89115ad,7d5b7983-7c99-4f0d-bddf-9fbd528eca81,0.6499999999999999
d620705b-334e-40d4-8e68-11dad5baef37,1ffb07ab-40b3-45fd-a079-8f2ee2b6f4e6,0.6499999999999999
1ffb07ab-40b3-45fd-a079-8f2ee2b6f4e6,b0657768-220b-46cf-a148-961ccb8df491,0.6499999999999999
1cc056a6-bc3c-4705-9af1-23e2f89115ad,83580cd4-e88e-4538-b038-e56113e4c2e3,0.6499999999999999
1982a20f-640e-4caa-b9e7-3ca15d7e1acb,2af9d905-069b-450e-8e7e-155fa7133cc7,0.6499999999999999
1cc056a6-bc3c-4705-9af1-23e2f89115ad,5a07f956-c944-498f-80c1-5fb986c7bb20,0.6499999999999999
81f568a6-f3e7-471c-ba29-b562595a8a2e,ac20e58c-280d-4abf-ad01-4709435a2944,0.6499999999999999
939123af-123d-4c66-825a-423307bbbebd,939123af-123d-4c66-825a-423307bbbebd,0.6499999999999999
1ffb07ab-40b3-45fd-a079-8f2ee2b6f4e6,5795f078-e97e-43c4-a6a7-dd7d55b33dd9,0.6499999999999999
6de1f83d-3950-45bb-8be0-7d5fab0e6274,90b02a62-3da9-4648-948c-52627d086a50,0.6499999999999999
3e2099cb-76bb-46db-9cd3-6a03a4da0e39,1ffb07ab-40b3-45fd-a079-8f2ee2b6f4e6,0.6499999999999999
c717fe40-0d63-4a86-ba3d-afe718e44995,ea343100-cced-4730-9f96-c84a75a2cd5f,0.6499999999999999
8ded8ec2-f221-4c6d-aadb-fa8294388127,2af9d905-069b-450e-8e7e-155fa7133cc7,0.6499999999999999
75bca8ed-de31-4780-bd89-5e43386fe17c,ae16b3ef-575d-40af-b90c-ca2b5196b47e,0.6499999999999999
761b9fc9-1000-476c-bebe-6c40dd431b1c,e118d64a-246c-4313-b48f-4318cdf92200,0.6499999999999999
5795f078-e97e-43c4-a6a7-dd7d55b33dd9,aa39bdac-3029-4450-a42e-4e5f81360866,0.6499999999999999
178a48ef-f870-46d7-ba3c-c94b35477459,aad5ef88-18cc-4492-9506-09871a1b5245,0.6499999999999999
9b6f3d40-da34-465e-9211-b0d7b1d19036,2af9d905-069b-450e-8e7e-155fa7133cc7,0.6499999999999999
1982a20f-640e-4caa-b9e7-3ca15d7e1acb,8ded8ec2-f221-4c6d-aadb-fa8294388127,0.6499999999999999
7d5b7983-7c99-4f0d-bddf-9fbd528eca81,5a07f956-c944-498f-80c1-5fb986c7bb20,0.6499999999999999
b2bc544a-219d-4899-9fa4-191e3f475649,8aff426d-b8c0-43aa-ad26-835ef4de6129,0.6499999999999999
aad5ef88-18cc-4492-9506-09871a1b5245,75bca8ed-de31-4780-bd89-5e43386fe17c,0.6499999999999999
44901b83-64cb-426e-a3f6-84029d330d51,aa39bdac-3029-4450-a42e-4e5f81360866,0.6499999999999999
6ffc5ac6-4ec9-4f26-9a8e-0e18f9aa8931,dbb1dcaf-1c94-4960-86b1-23a763d1287f,0.6499999999999999
75bca8ed-de31-4780-bd89-5e43386fe17c,facd942d-02a2-46bf-936c-e3afd39ee20d,0.6499999999999999
7d5b7983-7c99-4f0d-bddf-9fbd528eca81,1cc056a6-bc3c-4705-9af1-23e2f89115ad,0.6499999999999999
1008838b-bf71-442f-a6e8-3de016146f89,ee5c62d7-b0f9-4818-8698-425ffdcdb11a,0.6499999999999999
35fba19e-c1dd-429c-b8c5-f42d4f726a3c,91e96c16-5391-4fd5-a3dc-11a83d9bac6a,0.6499999999999999
07624e1d-0a7a-4426-9551-467464ac5034,617f38fb-00fe-4ad2-ae0f-a64c4a5be1b1,0.6499999999999999
8b87f62b-2ea7-4f41-8997-374112936b0d,e8b98098-8b17-416b-9934-0734fc21b005,0.6499999999999999
3e2099cb-76bb-46db-9cd3-6a03a4da0e39,b0657768-220b-46cf-a148-961ccb8df491,0.6499999999999999
617f38fb-00fe-4ad2-ae0f-a64c4a5be1b1,a4aef4b9-1710-4bd3-b06a-eeb54d91926a,0.6499999999999999
35fba19e-c1dd-429c-b8c5-f42d4f726a3c,5084b8e6-b486-42ff-9f12-ff2fc588a0b6,0.6499999999999999
75bca8ed-de31-4780-bd89-5e43386fe17c,178a48ef-f870-46d7-ba3c-c94b35477459,0.6499999999999999
889a1b4a-cea1-4609-828c-a8cfc227607c,2f983087-e16f-4af5-8b4a-013bea185b18,0.6499999999999999
48859269-b06e-47e5-8622-71248b61cd86,e0da314e-e74f-4d62-b4a1-10792af3d278,0.6499999999999999
91e96c16-5391-4fd5-a3dc-11a83d9bac6a,1ffb07ab-40b3-45fd-a079-8f2ee2b6f4e6,0.6499999999999999
5795f078-e97e-43c4-a6a7-dd7d55b33dd9,44901b83-64cb-426e-a3f6-84029d330d51,0.6499999999999999
facd942d-02a2-46bf-936c-e3afd39ee20d,aad5ef88-18cc-4492-9506-09871a1b5245,0.6499999999999999
e8b98098-8b17-416b-9934-0734fc21b005,8b87f62b-2ea7-4f41-8997-374112936b0d,0.6499999999999999
8ded8ec2-f221-4c6d-aadb-fa8294388127,1982a20f-640e-4caa-b9e7-3ca15d7e1acb,0.6499999999999999
54439e37-9ca6-476c-825a-0304a9dfcb26,19019fb2-05f6-4267-aaf8-6fb9aff3fa83,0.6499999999999999
5795f078-e97e-43c4-a6a7-dd7d55b33dd9,32f7aaf8-af97-4b57-b47b-083a465ffc2a,0.6499999999999999
939123af-123d-4c66-825a-423307bbbebd,939123af-123d-4c66-825a-423307bbbebd,0.6499999999999999
90746b8f-f625-49a8-a957-a482c9de1816,6de1f83d-3950-45bb-8be0-7d5fab0e6274,0.6499999999999999
9118da90-e640-4ea5-9821-8822ef0612c6,0e0116f1-d432-4360-a4b2-4b13010bc0e5,0.6499999999999999
a3cf6145-e60b-4ef5-88eb-9b999f6f456c,8fc148ef-3907-4266-ac11-1b1caf772107,0.6499999999999999
3869cd65-aac0-45d0-a926-c28a67f71042,5acbcf93-b28d-4fec-bbd3-2c23a289aa6a,0.6499999999999999
facd942d-02a2-46bf-936c-e3afd39ee20d,178a48ef-f870-46d7-ba3c-c94b35477459,0.6499999999999999
9b7a2684-622a-4565-9fd5-6a45d6459641,4abe8206-5516-481f-8df3-39702b02717b,0.6499999999999999
8adc5afd-2678-46f8-becb-25b320d33872,9d5a26b4-9fae-46ce-8cc1-f77f0a89b111,0.6499999999999999
8adc5afd-2678-46f8-becb-25b320d33872,026a23fa-25f9-47af-a441-22a6f84bc7bb,0.6499999999999999
9e4e544f-384b-4a87-9a2c-3f69ff5fd4f8,48859269-b06e-47e5-8622-71248b61cd86,0.6499999999999999
83580cd4-e88e-4538-b038-e56113e4c2e3,5a07f956-c944-498f-80c1-5fb986c7bb20,0.6499999999999999
83580cd4-e88e-4538-b038-e56113e4c2e3,1cc056a6-bc3c-4705-9af1-23e2f89115ad,0.6499999999999999
83580cd4-e88e-4538-b038-e56113e4c2e3,7d5b7983-7c99-4f0d-bddf-9fbd528eca81,0.6499999999999999
c749f1ed-b590-4d6d-8eb7-071ced590894,91e96c16-5391-4fd5-a3dc-11a83d9bac6a,0.6499999999999999
c749f1ed-b590-4d6d-8eb7-071ced590894,35fba19e-c1dd-429c-b8c5-f42d4f726a3c,0.6499999999999999
df42a32a-903c-4392-8bb3-a9d0c9e9218f,77478b36-598c-41d9-86cf-123530411520,0.6499999999999999
b0657768-220b-46cf-a148-961ccb8df491,3e2099cb-76bb-46db-9cd3-6a03a4da0e39,0.6499999999999999
b0657768-220b-46cf-a148-961ccb8df491,5795f078-e97e-43c4-a6a7-dd7d55b33dd9,0.6499999999999999
07624e1d-0a7a-4426-9551-467464ac5034,df42a32a-903c-4392-8bb3-a9d0c9e9218f,0.6499999999999999
be98823e-7de2-4c2e-952a-f4d8004891c2,617f38fb-00fe-4ad2-ae0f-a64c4a5be1b1,0.6499999999999999
70477a56-83d2-4429-bbca-b37456aa93f5,ae16b3ef-575d-40af-b90c-ca2b5196b47e,0.6499999999999999
314be464-4d5d-4414-b61b-866ec86f72ae,90b02a62-3da9-4648-948c-52627d086a50,0.6499999999999999
9e4e544f-384b-4a87-9a2c-3f69ff5fd4f8,e0da314e-e74f-4d62-b4a1-10792af3d278,0.6499999999999999
5acbcf93-b28d-4fec-bbd3-2c23a289aa6a,3869cd65-aac0-45d0-a926-c28a67f71042,0.6499999999999999
9b7a2684-622a-4565-9fd5-6a45d6459641,23e29e1b-81f6-489f-973f-7a607530da45,0.6499999999999999
0859ccb4-cfe1-4930-aaeb-63fc31b5844e,48b5c2ed-0825-4834-9218-2f7bef3292b1,0.6499999999999999
b0657768-220b-46cf-a148-961ccb8df491,aa39bdac-3029-4450-a42e-4e5f81360866,0.6499999999999999
1982a20f-640e-4caa-b9e7-3ca15d7e1acb,1d54d3de-d0b3-4273-89e9-7ef3e8febb0d,0.6499999999999999
48859269-b06e-47e5-8622-71248b61cd86,9e4e544f-384b-4a87-9a2c-3f69ff5fd4f8,0.6499999999999999
77478b36-598c-41d9-86cf-123530411520,6bd97b13-b189-41f0-ad8b-9f26be3d93d0,0.6499999999999999
178a48ef-f870-46d7-ba3c-c94b35477459,a0a88835-3b7b-4e0f-9d3b-b7a6e8b7b729,0.6499999999999999
deca90e4-b417-43da-a397-1d3f43d426a3,617f38fb-00fe-4ad2-ae0f-a64c4a5be1b1,0.6499999999999999
70477a56-83d2-4429-bbca-b37456aa93f5,facd942d-02a2-46bf-936c-e3afd39ee20d,0.6499999999999999
be33676a-263e-4eb4-a43e-ce54e7f2e4fb,6bd97b13-b189-41f0-ad8b-9f26be3d93d0,0.6499999999999999
70477a56-83d2-4429-bbca-b37456aa93f5,178a48ef-f870-46d7-ba3c-c94b35477459,0.6499999999999999
df42a32a-903c-4392-8bb3-a9d0c9e9218f,fd235a4b-4b4c-4744-9024-13fa158a1d37,0.6499999999999999
8c824631-d6b5-4dac-8624-2dea58f3f810,9357364e-ae6e-4cce-9791-0bea1af64d6a,0.6499999999999999
321469ff-ab8c-4690-a8ee-b799fc5836ef,82c7706f-2972-4e87-b9f9-f5e6ee3c533b,0.6499999999999999
a17358c1-aece-44b4-bd08-696a32857e28,427971fd-2d3e-4b1c-a146-764aae84a056,0.6499999999999999
6f0f06a5-7a50-47d3-a8c9-97f60a269761,7a965ba4-be4e-4833-a723-1f98ed1f24ac,0.6499999999999999
df42a32a-903c-4392-8bb3-a9d0c9e9218f,a4aef4b9-1710-4bd3-b06a-eeb54d91926a,0.6499999999999999
8fc148ef-3907-4266-ac11-1b1caf772107,a3cf6145-e60b-4ef5-88eb-9b999f6f456c,0.6499999999999999
69b87316-8ff0-4eab-b9ff-210247784518,ac98ce23-604a-4928-b606-6d1f440f33af,0.6499999999999999
23f56860-a9c1-49f9-bc42-485c34d6b53d,ad9e123f-b661-44c0-a6dd-5a70f575255b,0.6499999999999999
314be464-4d5d-4414-b61b-866ec86f72ae,ca1ccf90-ef97-446d-b9ba-214844ffc371,0.6499999999999999
d3db6f2f-6218-4612-8a63-c26d4ac69658,3b00dedd-fcb8-4d71-9ffb-40b92b6cdfe7,0.6499999999999999
77478b36-598c-41d9-86cf-123530411520,254229f4-c466-4e0b-a650-50336b07fdd2,0.6499999999999999
77478b36-598c-41d9-86cf-123530411520,07624e1d-0a7a-4426-9551-467464ac5034,0.6499999999999999
321469ff-ab8c-4690-a8ee-b799fc5836ef,cfe27274-b552-4190-9a38-9abf52000716,0.6499999999999999
deca90e4-b417-43da-a397-1d3f43d426a3,be98823e-7de2-4c2e-952a-f4d8004891c2,0.6499999999999999
a17358c1-aece-44b4-bd08-696a32857e28,36d46880-6fd0-40e6-af53-5f2600526eff,0.6499999999999999
ac98ce23-604a-4928-b606-6d1f440f33af,69b87316-8ff0-4eab-b9ff-210247784518,0.6499999999999999
6bd97b13-b189-41f0-ad8b-9f26be3d93d0,a4aef4b9-1710-4bd3-b06a-eeb54d91926a,0.6499999999999999
a608d8ec-fc63-4f8f-932f-36bbd08d4eec,f7c40656-b7b7-435b-a516-285afaa751db,0.6499999999999999
6bd97b13-b189-41f0-ad8b-9f26be3d93d0,df42a32a-903c-4392-8bb3-a9d0c9e9218f,0.6499999999999999
ae16b3ef-575d-40af-b90c-ca2b5196b47e,facd942d-02a2-46bf-936c-e3afd39ee20d,0.6499999999999999
314be464-4d5d-4414-b61b-866ec86f72ae,a462a4cb-bbaa-4417-b876-4b8606c6f8db,0.6499999999999999
9195d6ad-120f-4ae2-8e69-462ca56c3fc0,8b87f62b-2ea7-4f41-8997-374112936b0d,0.6499999999999999
54fe5278-2928-4291-b6b6-a788c0731ab6,6ffc5ac6-4ec9-4f26-9a8e-0e18f9aa8931,0.6499999999999999
07e4874b-e624-4e24-af76-69aa4177bada,248ae6cb-165a-44b3-9d02-95540e840b9b,0.6499999999999999
07e4874b-e624-4e24-af76-69aa4177bada,6f4ae29d-afe8-45e0-827e-e84f9f539b0c,0.6499999999999999
be98823e-7de2-4c2e-952a-f4d8004891c2,deca90e4-b417-43da-a397-1d3f43d426a3,0.6499999999999999
ae16b3ef-575d-40af-b90c-ca2b5196b47e,178a48ef-f870-46d7-ba3c-c94b35477459,0.6499999999999999
248ae6cb-165a-44b3-9d02-95540e840b9b,07e4874b-e624-4e24-af76-69aa4177bada,0.6499999999999999
be98823e-7de2-4c2e-952a-f4d8004891c2,a4aef4b9-1710-4bd3-b06a-eeb54d91926a,0.6499999999999999
ad9e123f-b661-44c0-a6dd-5a70f575255b,23f56860-a9c1-49f9-bc42-485c34d6b53d,0.6499999999999999
6f0f06a5-7a50-47d3-a8c9-97f60a269761,d82bdfdb-7086-4b6b-9c1c-0ac0c11d8ad9,0.6499999999999999
248ae6cb-165a-44b3-9d02-95540e840b9b,6f4ae29d-afe8-45e0-827e-e84f9f539b0c,0.6499999999999999
9357364e-ae6e-4cce-9791-0bea1af64d6a,8c824631-d6b5-4dac-8624-2dea58f3f810,0.6499999999999999
81f568a6-f3e7-471c-ba29-b562595a8a2e,67bec251-2744-4f3f-9657-a338cd4ed484,0.6499999999999999
07624e1d-0a7a-4426-9551-467464ac5034,77478b36-598c-41d9-86cf-123530411520,0.6499999999999999
6de1f83d-3950-45bb-8be0-7d5fab0e6274,90746b8f-f625-49a8-a957-a482c9de1816,0.6499999999999999
9195d6ad-120f-4ae2-8e69-462ca56c3fc0,e8b98098-8b17-416b-9934-0734fc21b005,0.6499999999999999
8b87f62b-2ea7-4f41-8997-374112936b0d,9195d6ad-120f-4ae2-8e69-462ca56c3fc0,0.6499999999999999
9c908ec9-4ada-4533-a1cb-574bfd8f32fb,299f38e8-bec3-44e6-8faa-820b7c0f40e9,0.6499999999999999
427971fd-2d3e-4b1c-a146-764aae84a056,36d46880-6fd0-40e6-af53-5f2600526eff,0.6499999999999999
48b5c2ed-0825-4834-9218-2f7bef3292b1,0859ccb4-cfe1-4930-aaeb-63fc31b5844e,0.6499999999999999
254229f4-c466-4e0b-a650-50336b07fdd2,be98823e-7de2-4c2e-952a-f4d8004891c2,0.6499999999999999
fd235a4b-4b4c-4744-9024-13fa158a1d37,254229f4-c466-4e0b-a650-50336b07fdd2,0.6499999999999999
deca90e4-b417-43da-a397-1d3f43d426a3,a4aef4b9-1710-4bd3-b06a-eeb54d91926a,0.6499999999999999
bab67e88-be02-40c9-b3d7-b43a4adff716,3d92c9e6-d3f8-4177-900c-04adc55774c1,0.6499999999999999
aa39bdac-3029-4450-a42e-4e5f81360866,de1cf703-9c6e-4795-90c5-cbc365ea61ed,0.6499999999999999
617f38fb-00fe-4ad2-ae0f-a64c4a5be1b1,77478b36-598c-41d9-86cf-123530411520,0.6499999999999999
7a965ba4-be4e-4833-a723-1f98ed1f24ac,6f0f06a5-7a50-47d3-a8c9-97f60a269761,0.6499999999999999
90746b8f-f625-49a8-a957-a482c9de1816,90b02a62-3da9-4648-948c-52627d086a50,0.6499999999999999
254229f4-c466-4e0b-a650-50336b07fdd2,a4aef4b9-1710-4bd3-b06a-eeb54d91926a,0.6499999999999999
aa39bdac-3029-4450-a42e-4e5f81360866,b0657768-220b-46cf-a148-961ccb8df491,0.6499999999999999
84be5122-71d5-4a35-a912-fd2911e3c64f,0f595b0b-2253-4585-a672-fda592da7191,0.6499999999999999
295e4030-78b4-46a6-936f-5cc18c97d642,ace0246d-f8e9-4261-ab5c-40bbee73184d,0.6499999999999999
349a1c1b-172f-445a-aefe-97a58c19b08b,b5adad74-af23-4383-8e8c-0adf7024064a,0.6499999999999999
254229f4-c466-4e0b-a650-50336b07fdd2,fd235a4b-4b4c-4744-9024-13fa158a1d37,0.6499999999999999
6f4ae29d-afe8-45e0-827e-e84f9f539b0c,248ae6cb-165a-44b3-9d02-95540e840b9b,0.6499999999999999
ee5c62d7-b0f9-4818-8698-425ffdcdb11a,1008838b-bf71-442f-a6e8-3de016146f89,0.6499999999999999
a0a88835-3b7b-4e0f-9d3b-b7a6e8b7b729,aad5ef88-18cc-4492-9506-09871a1b5245,0.6499999999999999
2624655e-ea07-468a-8da8-2e39c9d1e7f0,7d1ab305-7fc6-4ab0-bc2a-9ae1e038e67e,0.6499999999999999
a4aef4b9-1710-4bd3-b06a-eeb54d91926a,617f38fb-00fe-4ad2-ae0f-a64c4a5be1b1,0.6499999999999999
a4aef4b9-1710-4bd3-b06a-eeb54d91926a,deca90e4-b417-43da-a397-1d3f43d426a3,0.6499999999999999
de1cf703-9c6e-4795-90c5-cbc365ea61ed,3e2099cb-76bb-46db-9cd3-6a03a4da0e39,0.6499999999999999
a83843ec-d159-437c-aec6-0e97551aa0ec,7e07b5ca-e434-4611-b567-dc4aafaca75e,0.6499999999999999
7d1ab305-7fc6-4ab0-bc2a-9ae1e038e67e,2624655e-ea07-468a-8da8-2e39c9d1e7f0,0.6499999999999999
44901b83-64cb-426e-a3f6-84029d330d51,35fba19e-c1dd-429c-b8c5-f42d4f726a3c,0.6499999999999999
902ba47a-2f9d-4b5e-b285-b29a7c2b3437,15ecc0a5-3ba8-485b-ae6d-05da7ca16380,0.6499999999999999
67eca900-d9cd-43fb-8212-61ff787750e9,2ac2bd99-e161-4856-9b24-6dc6bf7d985b,0.6499999999999999
5084b8e6-b486-42ff-9f12-ff2fc588a0b6,60206076-d947-48c6-bbba-14d1b9b2f859,0.6499999999999999
876899b2-8a5d-4a2b-a4c9-ec9d2fb2437a,f7c40656-b7b7-435b-a516-285afaa751db,0.6499999999999999
91e96c16-5391-4fd5-a3dc-11a83d9bac6a,c749f1ed-b590-4d6d-8eb7-071ced590894,0.6499999999999999
9e1ebd5b-0c7d-44f2-9bfc-e371f1b6f63f,a7674ae7-731c-46ab-94db-a7a972df8849,0.6499999999999999
de1cf703-9c6e-4795-90c5-cbc365ea61ed,5795f078-e97e-43c4-a6a7-dd7d55b33dd9,0.6499999999999999
a0a88835-3b7b-4e0f-9d3b-b7a6e8b7b729,facd942d-02a2-46bf-936c-e3afd39ee20d,0.6499999999999999
a0a88835-3b7b-4e0f-9d3b-b7a6e8b7b729,178a48ef-f870-46d7-ba3c-c94b35477459,0.6499999999999999
026a23fa-25f9-47af-a441-22a6f84bc7bb,8adc5afd-2678-46f8-becb-25b320d33872,0.6499999999999999
de1cf703-9c6e-4795-90c5-cbc365ea61ed,44901b83-64cb-426e-a3f6-84029d330d51,0.6499999999999999
36d46880-6fd0-40e6-af53-5f2600526eff,427971fd-2d3e-4b1c-a146-764aae84a056,0.6499999999999999
9e9de727-c98b-445d-8d95-06c5f74a5516,c0c964dd-d4cf-481b-8e38-4603a9f686e5,0.6499999999999999
a729fa01-8218-478f-bb98-24abf80749c9,aa39bdac-3029-4450-a42e-4e5f81360866,0.6499999999999999
026a23fa-25f9-47af-a441-22a6f84bc7bb,9d5a26b4-9fae-46ce-8cc1-f77f0a89b111,0.6499999999999999
7f7b4920-d653-4e3a-8113-70130b079c9b,acc63b60-a988-4e48-bf68-78b98b7c6125,0.6499999999999999
ac20e58c-280d-4abf-ad01-4709435a2944,81f568a6-f3e7-471c-ba29-b562595a8a2e,0.6499999999999999
ac20e58c-280d-4abf-ad01-4709435a2944,67bec251-2744-4f3f-9657-a338cd4ed484,0.6499999999999999
15ecc0a5-3ba8-485b-ae6d-05da7ca16380,902ba47a-2f9d-4b5e-b285-b29a7c2b3437,0.6499999999999999
4abe8206-5516-481f-8df3-39702b02717b,9b7a2684-622a-4565-9fd5-6a45d6459641,0.6499999999999999
67bec251-2744-4f3f-9657-a338cd4ed484,81f568a6-f3e7-471c-ba29-b562595a8a2e,0.6499999999999999
67bec251-2744-4f3f-9657-a338cd4ed484,ac20e58c-280d-4abf-ad01-4709435a2944,0.6499999999999999
8ded8ec2-f221-4c6d-aadb-fa8294388127,9b6f3d40-da34-465e-9211-b0d7b1d19036,0.6499999999999999
c0c964dd-d4cf-481b-8e38-4603a9f686e5,9e9de727-c98b-445d-8d95-06c5f74a5516,0.6499999999999999
2ac2bd99-e161-4856-9b24-6dc6bf7d985b,67eca900-d9cd-43fb-8212-61ff787750e9,0.6499999999999999
ee5c62d7-b0f9-4818-8698-425ffdcdb11a,51edaf19-20d9-4df2-90aa-246c478b3532,0.6499999999999999
41dce460-7b73-4340-aa02-c10a79198432,b8257184-6307-46ab-b06e-d979336d1263,0.6499999999999999
2af9d905-069b-450e-8e7e-155fa7133cc7,9b6f3d40-da34-465e-9211-b0d7b1d19036,0.6499999999999999
cfe27274-b552-4190-9a38-9abf52000716,321469ff-ab8c-4690-a8ee-b799fc5836ef,0.6499999999999999
cfe27274-b552-4190-9a38-9abf52000716,82c7706f-2972-4e87-b9f9-f5e6ee3c533b,0.6499999999999999
04ba813b-eccb-441c-9c59-c8b950d9f443,ee109fab-78ed-482d-80cd-ad96f47faee0,0.6499999999999999
ace0246d-f8e9-4261-ab5c-40bbee73184d,295e4030-78b4-46a6-936f-5cc18c97d642,0.6499999999999999
51edaf19-20d9-4df2-90aa-246c478b3532,ee5c62d7-b0f9-4818-8698-425ffdcdb11a,0.6499999999999999
871f7c92-a84e-4c93-8b30-633d58b3b90e,675262ee-f983-43ab-bd1b-afc8328f75fa,0.6499999999999999
90746b8f-f625-49a8-a957-a482c9de1816,a462a4cb-bbaa-4417-b876-4b8606c6f8db,0.6499999999999999
aad5ef88-18cc-4492-9506-09871a1b5245,ae16b3ef-575d-40af-b90c-ca2b5196b47e,0.6499999999999999
acc63b60-a988-4e48-bf68-78b98b7c6125,7f7b4920-d653-4e3a-8113-70130b079c9b,0.6499999999999999
a729fa01-8218-478f-bb98-24abf80749c9,5084b8e6-b486-42ff-9f12-ff2fc588a0b6,0.6499999999999999
51edaf19-20d9-4df2-90aa-246c478b3532,1008838b-bf71-442f-a6e8-3de016146f89,0.6499999999999999
19019fb2-05f6-4267-aaf8-6fb9aff3fa83,920dcf5c-136f-4ffc-9449-03f00c1b5a46,0.6499999999999999
ee109fab-78ed-482d-80cd-ad96f47faee0,04ba813b-eccb-441c-9c59-c8b950d9f443,0.6499999999999999
be33676a-263e-4eb4-a43e-ce54e7f2e4fb,d9bdd024-3ff6-442d-8147-15265942757b,0.6499999999999999
82c7706f-2972-4e87-b9f9-f5e6ee3c533b,cfe27274-b552-4190-9a38-9abf52000716,0.6499999999999999
be33676a-263e-4eb4-a43e-ce54e7f2e4fb,a6e9a377-5687-4edf-83a5-291af9a1d8a5,0.6499999999999999
cba20c38-f317-405d-baae-f081d703e02f,49e758d3-c9cb-410b-b44b-dac87fa83081,0.6499999999999999
5a07f956-c944-498f-80c1-5fb986c7bb20,7d5b7983-7c99-4f0d-bddf-9fbd528eca81,0.6499999999999999
5a07f956-c944-498f-80c1-5fb986c7bb20,83580cd4-e88e-4538-b038-e56113e4c2e3,0.6499999999999999
5a07f956-c944-498f-80c1-5fb986c7bb20,1cc056a6-bc3c-4705-9af1-23e2f89115ad,0.6499999999999999
dff7cdb0-f464-4b60-91ce-8d628f8ed4de,19019fb2-05f6-4267-aaf8-6fb9aff3fa83,0.6499999999999999
8aff426d-b8c0-43aa-ad26-835ef4de6129,b2bc544a-219d-4899-9fa4-191e3f475649,0.6499999999999999
a7674ae7-731c-46ab-94db-a7a972df8849,9e1ebd5b-0c7d-44f2-9bfc-e371f1b6f63f,0.6499999999999999
